inst/out/data for yingying 2018-01-30/bsm_response.asc
NCOLS 360 
NROWS 140 
XLLCORNER -180 
YLLCORNER -56 
CELLSIZE 1 
NODATA_value -9999 
[rows 81 to 107 of 140, columns 180 to 239 of 360]
-9999 -9999 -9999 -9999 -9999 -9999 -9999 -9999 -9999 0.701087512273577 0.748926020055291 0.732782984002763 0.739872279598809 0.664389083432247 0.658349826143767 0.725510848056394 0.664609972469564 0.647941635099952 0.74436322128159 0.714795315838889 0.714762592027622 0.723154612952717 0.711639843085779 0.707574809254503 0.725052299636114 0.712521707186853 0.710731462025332 0.711102868317169 0.732301197114827 0.747295003033851 0.696718465872905 0.706854080903846 0.64712616682198 0.624313754876394 0.688057165124213 0.694450177079219 0.717501451044695 0.74016199411941 0.716204310713865 0.64338666984213 0.67736857232842 0.680022312916621 0.653304553799487 0.670836965900167 0.679435653388276 0.605433260310402 0.644654251106732 -9999 -9999 -9999 -9999 -9999 -9999 -9999 -9999 -9999 -9999 -9999 -9999 -9999
-9999 -9999 -9999 -9999 -9999 -9999 -9999 0.573648948363919 -9999 0.75658732217199 0.721953073241806 0.712134825714991 0.726840671456479 0.679938282325105 0.678063692184139 0.726548723783784 0.727567372508502 0.751306314244944 0.769112761425854 0.741856564240295 0.729487510753571 0.717888451289445 0.708648965176429 0.723075477618319 0.69265863944635 0.724007410924702 0.691542955121658 0.691971480557297 0.663365361558814 0.743131492166596 0.702360493942391 0.714887093317662 0.673182974628615 0.578660655878241 0.619865952279695 0.647279254056861 0.7322630453704 0.756709750095876 0.707885932395448 0.667828011156313 0.677202677154881 0.657993630497742 0.683311188928221 0.678544463067234 0.648931265548639 0.604632755512067 -9999 -9999 -9999 -9999 -9999 -9999 -9999 -9999 -9999 -9999 -9999 -9999 -9999 -9999
-9999 -9999 -9999 -9999 -9999 -9999 0.690084734166047 -9999 -9999 0.674466197447095 0.744150500278633 0.73430781344351 0.705075027981656 0.678253547852576 0.756426716229798 0.757090216952074 0.693611157121697 0.766938572150232 0.73237871150732 0.711584484338556 0.714019596857042 0.70947900803878 0.69594669609366 0.695059891796492 0.71896427331444 0.689225140986218 0.678563870950302 0.709587917373539 0.675414801276158 0.651827309566842 0.63204162475255 0.652940416332308 0.588518025276184 0.570619103628096 0.569564844082126 0.578962383252976 0.654871230898462 0.678655192629251 0.7516095930542 0.701941706012715 0.652142172421998 0.700889962984593 0.70483319069744 0.673274426693035 -9999 -9999 -9999 -9999 -9999 -9999 -9999 -9999 -9999 -9999 -9999 -9999 -9999 -9999 -9999 -9999
-9999 -9999 -9999 -9999 -9999 -9999 -9999 -9999 0.632767121506483 0.757047389874541 0.750192850103834 0.763354498803316 0.704504161802061 0.731560109657343 0.753659526086059 0.753858081433472 0.751436803981474 0.756403396409814 0.71844107102074 0.702988673113768 0.710706481296331 0.709889105560465 0.716137349699666 0.694256766055302 0.695684456803521 0.721937960380434 0.710821730206774 0.665474465621259 0.721893228573987 0.661094126498717 0.543190460329068 0.62275188132856 0.677118691693416 0.521981498304659 0.562931385530281 0.553755897974231 0.540995123824626 0.600223326204455 0.688078043108742 0.730216088345682 0.659878347497292 0.654605312809102 0.617241033310221 -9999 -9999 -9999 -9999 -9999 -9999 -9999 -9999 -9999 -9999 -9999 -9999 -9999 -9999 -9999 -9999 -9999
-9999 -9999 -9999 -9999 -9999 -9999 -9999 -9999 0.596727407585687 0.744423418824412 0.741454130165147 0.744882678007111 0.709925306370795 0.76125805607063 0.706973006604826 0.766541109553704 0.74543624767956 0.733669894085919 0.72086638641378 0.664677750659057 0.705202677035395 0.654951183205477 0.690120963825698 0.701195659404729 0.691201723886607 0.712561616552525 0.70188596593669 0.688826205469507 0.673216343313215 0.613609812319567 0.614793461999196 0.683044204378456 0.616124395037918 0.709378927677097 0.642881088017996 0.682408453961041 0.554720214885649 0.620138781302247 0.690998255705286 0.716236135339052 0.722841981140023 0.731690261484563 0.468219391726922 -9999 -9999 -9999 -9999 -9999 -9999 -9999 -9999 -9999 -9999 -9999 -9999 -9999 -9999 -9999 -9999 -9999
-9999 -9999 -9999 -9999 -9999 -9999 -9999 -9999 -9999 0.668665966224291 0.759689633477291 0.75036321845601 0.738452500725796 0.751446135836141 0.730256972482728 0.760850712580036 0.749277327999527 0.737407754042847 0.745453825853864 0.689767149066757 0.685241383649872 0.668266676033377 0.708775219237737 0.716994695126059 0.724837328499104 0.749058217008679 0.702697530648137 0.707942645099474 0.660921758066892 0.651705957144268 0.667505442179198 0.70374323434135 0.657441367130721 0.614741030453911 0.667091949496282 0.713519343450565 0.704419595268931 0.683152535764501 0.716035320120569 0.733670713778906 0.738703556647846 0.624143560838105 -9999 -9999 -9999 -9999 -9999 -9999 -9999 -9999 -9999 -9999 -9999 -9999 -9999 -9999 -9999 -9999 -9999 -9999
-9999 -9999 -9999 -9999 -9999 -9999 -9999 -9999 -9999 -9999 0.759389007518525 0.766611745570784 0.758261343464014 0.749819063160029 0.761908037532553 0.750057869739432 0.761405197269742 0.738447129515193 0.748419343506514 0.761178073222112 0.71879301103759 0.747957487605008 0.735910339314627 0.697244107118647 0.758858542962783 0.74711829711723 0.704060727178332 0.728706847316291 0.666508001272979 0.680451932254306 0.724261408777532 0.736254413027594 0.623510019393086 0.57132325063203 0.625032724622822 0.678962519380811 0.652770906802693 0.634135150756606 0.734885019196564 0.671508028110029 0.679753860575416 -9999 -9999 -9999 -9999 -9999 -9999 -9999 -9999 -9999 -9999 -9999 -9999 -9999 -9999 -9999 -9999 -9999 -9999 -9999
-9999 -9999 -9999 -9999 -9999 -9999 -9999 -9999 -9999 -9999 -9999 0.71997206837074 0.749760331380234 0.730075808022501 0.749957414766651 0.660700252942296 0.759027843284209 0.74919521994837 0.702427612798679 0.706528436224957 0.734167255493808 0.742116677904863 0.733166596087504 0.751934203026155 0.74778568752775 0.760824988319286 0.757444075885234 0.742297193226419 0.756193020629472 0.743813878975994 0.757762060291992 0.771723505044992 0.701610663235058 0.675049111610241 0.6131296989923 0.643643857192534 0.666430292929456 0.713793640498273 0.702815258408384 0.686526088284187 -9999 -9999 -9999 -9999 -9999 -9999 -9999 -9999 -9999 -9999 -9999 -9999 -9999 -9999 -9999 0.513719114882538 -9999 -9999 -9999 -9999
-9999 -9999 -9999 -9999 -9999 -9999 -9999 -9999 -9999 -9999 -9999 0.453556859736707 0.723763760953513 0.70072687954115 0.707002512297469 0.715484383349796 0.75472198043336 0.743932080182136 0.69136403848575 0.712566455414246 0.764641949459722 0.755202232075877 0.701733893211362 0.753672673236316 0.747760561036588 0.764071135032498 0.750483801952419 0.749632939176846 0.758727063324779 0.786900518771076 0.788661807400049 0.786487035446757 0.739723556249728 0.707946599280249 0.693603690324322 0.684203332093028 0.701896943573353 0.7483952360762 0.734760259060807 0.681427244814763 -9999 -9999 -9999 -9999 -9999 -9999 -9999 -9999 -9999 -9999 -9999 -9999 -9999 -9999 -9999 -9999 -9999 -9999 -9999 -9999
-9999 -9999 -9999 -9999 -9999 -9999 -9999 -9999 -9999 -9999 -9999 -9999 0.75601626718987 0.763573508145362 0.753298958224887 0.737882944168142 0.745632146270013 0.742276674855213 0.754329453577537 0.757915136611328 0.733875662178893 0.763621902852938 0.753017568975592 0.654453201696308 0.713434843065307 0.755884946466908 0.762284525946755 0.749747312536693 0.760681946482561 0.766046116359709 0.779026577092868 0.782008133114176 0.755910833208516 0.743989445452829 0.727638228671507 0.656692793081919 0.693531392072887 0.717109652537349 0.744298237309925 0.615983523438991 -9999 -9999 -9999 -9999 -9999 -9999 -9999 -9999 -9999 -9999 -9999 -9999 -9999 -9999 -9999 -9999 -9999 -9999 -9999 -9999
-9999 -9999 -9999 -9999 -9999 -9999 -9999 -9999 -9999 -9999 -9999 -9999 0.706993238362089 0.759482513867452 0.734036744207589 0.724630652109871 0.756394199119599 0.757227654016024 0.766107442155219 0.773352545992366 0.785338268382138 0.78063951586281 0.780057956714957 0.736024407173385 0.735112386380752 0.738621528580998 0.752168774832942 0.747716705108541 0.756670697363502 0.755919293906775 0.772807921140808 0.77513393679151 0.773506330777462 0.766951127150698 0.709939457873148 0.706980562779177 0.748927217868498 0.737602681538409 0.73027013130987 0.734488191282486 -9999 -9999 -9999 -9999 -9999 -9999 -9999 -9999 -9999 -9999 -9999 -9999 -9999 -9999 -9999 -9999 -9999 -9999 -9999 -9999
-9999 -9999 -9999 -9999 -9999 -9999 -9999 -9999 -9999 -9999 -9999 -9999 -9999 0.629617584407603 0.738283612251834 0.758290935521372 0.761880448174892 0.772187836820308 0.753539668171572 0.754691872905488 0.771937633875527 0.754215490642356 0.755339340467149 0.741569542266212 0.730050306245885 0.722991336123169 0.738629237144711 0.733278858039757 0.775777925922612 0.791743164972733 0.803838904932495 0.787262711513979 0.743520848592735 0.696843142053706 0.697224951008625 0.726031058829014 0.754376627215904 0.720978839703101 0.735993908156851 0.748110658939938 -9999 -9999 -9999 -9999 -9999 -9999 -9999 -9999 -9999 -9999 -9999 -9999 -9999 -9999 -9999 -9999 -9999 -9999 -9999 -9999
-9999 -9999 -9999 -9999 -9999 -9999 -9999 -9999 -9999 -9999 -9999 -9999 0.40382372146296 0.744706941557509 0.741562334043644 0.778647983730737 0.743042089235137 0.774080676548179 0.732746574875423 0.762049469377136 0.76324121666634 0.754463020820388 0.742878524284603 0.764196739930724 0.760974610217658 0.751842672701668 0.736468589625276 0.744527337087291 0.777735355715792 0.78927002242693 0.78537310078457 0.775371206403861 0.780338903939502 0.696071845154669 0.697816499151824 0.749192174850598 0.74689902207776 0.744087400248239 0.723489021209372 0.756470305903608 -9999 -9999 -9999 -9999 -9999 -9999 -9999 -9999 -9999 -9999 -9999 -9999 -9999 -9999 -9999 -9999 -9999 -9999 -9999 -9999
-9999 -9999 -9999 -9999 -9999 -9999 -9999 -9999 -9999 -9999 -9999 -9999 -9999 0.728848352483575 0.7421103019382 0.737513169841622 0.702251827175022 0.728630450099513 0.708634276061901 0.753079475459817 0.759109002705965 0.765921057213432 0.753104437896693 0.764248126054796 0.771483208653663 0.721974790653515 0.715905945153621 0.759178571292906 0.783471971954699 0.791496079943833 0.792378271625457 0.781858756759594 0.789724811530457 0.731902911575756 0.74401438043385 0.742115240249617 0.76775470811916 0.748659340972851 0.721173339152235 0.672212220070807 0.709216277632048 -9999 -9999 -9999 -9999 -9999 -9999 -9999 -9999 -9999 -9999 -9999 -9999 -9999 -9999 -9999 -9999 -9999 -9999 -9999
-9999 -9999 -9999 -9999 -9999 -9999 -9999 -9999 -9999 -9999 -9999 -9999 -9999 0.682978544114986 0.746648290168181 0.730339448880854 0.729112550167261 0.708801601036716 0.711636607266871 0.764230928011189 0.773867530543253 0.734464168094434 0.762980663003654 0.766065716534083 0.781725414445637 0.760060700514682 0.762899306239892 0.714595830414342 0.771812394457208 0.791745171754773 0.796924859877922 0.785031391753172 0.790503460773691 0.675781459973257 0.748593743193863 0.739501774737411 0.759066305513692 0.745680601494428 0.70406787648356 0.7059420998177 0.73812496721628 -9999 -9999 0.720561862496726 -9999 -9999 -9999 -9999 -9999 0.49775975377707 -9999 -9999 -9999 -9999 -9999 -9999 -9999 -9999 -9999 -9999
-9999 -9999 -9999 -9999 -9999 -9999 -9999 -9999 -9999 -9999 -9999 -9999 0.487313183741568 0.67836485852098 0.754691126747527 0.688385148144182 0.704147177081592 0.734246978489725 0.765059392405527 0.766660064327315 0.762170926195447 0.727137103782361 0.761766799788023 0.772825719620098 0.775601875266763 0.781564161159231 0.780039191889383 0.777838768031055 0.726138748463356 0.778583688206224 0.797221456534044 0.772269531178191 0.763991047907582 0.667304454105518 0.71353660742888 0.747120418507864 0.759097340848692 0.743836124747693 0.730096530947731 0.735790132620222 0.737865055293651 -9999 -9999 0.623579187524946 0.67312873658799 0.67764823898875 -9999 -9999 0.764471584068148 0.759415638491873 -9999 -9999 -9999 -9999 -9999 -9999 -9999 -9999 -9999 -9999
-9999 -9999 -9999 -9999 -9999 -9999 -9999 -9999 -9999 -9999 -9999 -9999 0.607897551941462 0.749117853962516 0.747325272468771 0.737495471518535 0.76410855878921 0.743470819201462 0.76711503836391 0.780456645383413 0.76168953236854 0.769814070169842 0.747603815920475 0.787059597090768 0.780635704068078 0.777849804783451 0.778277377609336 0.792507154188347 0.759749019124124 0.795396843174038 0.800478273503546 0.780312476158975 0.742446812787998 0.60879852222967 0.685883745930609 0.721382240418629 0.759190034487846 0.752306400696702 0.704193014335238 0.688842595087507 0.724271134119682 -9999 -9999 -9999 -9999 0.419448873056645 -9999 0.686696854738232 0.737418366181 0.752430183567054 0.679678889706437 -9999 -9999 -9999 -9999 -9999 -9999 -9999 -9999 -9999
-9999 -9999 -9999 -9999 -9999 -9999 -9999 -9999 -9999 -9999 -9999 -9999 0.715025110162099 0.710399557232586 0.722795357653994 0.770655479548556 0.790121852151869 0.764731784774858 0.753396285278238 0.775696030483434 0.769400667782505 0.781534186061481 0.737773334848869 0.793526431968882 0.784682494346503 0.757645471667525 0.756002241349543 0.765817349247193 0.739812753576151 0.794922293609316 0.771381938106216 0.720583432870952 0.769719716815464 0.683745691581892 0.601966276126771 0.676509978558662 0.731630980024136 0.737272043551734 0.728474277799149 0.701775489908242 0.680535389750381 -9999 -9999 -9999 -9999 -9999 -9999 0.785398056050449 0.772701099942172 0.699567855710327 0.703356579145705 -9999 -9999 -9999 -9999 -9999 -9999 -9999 -9999 -9999
-9999 -9999 -9999 -9999 -9999 -9999 -9999 -9999 -9999 -9999 -9999 0.473018375341707 0.605692930290639 0.729578725758348 0.734616834951271 0.738099605172046 0.761838924391525 0.767143401989578 0.747635189743374 0.744383838678935 0.742757595601132 0.76539309643792 0.753978446651933 0.766124909000873 0.796831728557028 0.743105515042595 0.745516777948575 0.722772189392161 0.69741474699655 0.787675308730891 0.757227200158861 0.719427388239835 0.704185216290558 0.739090372184388 0.660327116707627 0.646248656758567 0.690517261502919 0.694660406245553 0.716965972670901 0.651012599986783 0.720859786672578 -9999 -9999 -9999 -9999 0.771784212968509 0.776569128618342 0.766485054754266 0.748442623730007 0.766929106141111 0.695275981502613 -9999 -9999 -9999 -9999 -9999 -9999 -9999 -9999 -9999
-9999 -9999 -9999 -9999 -9999 -9999 -9999 -9999 -9999 -9999 -9999 0.485538530356335 0.627877528969755 0.730896228596749 0.718526723230446 0.684657815224323 0.706603463687367 0.704786979041718 0.684842995558282 0.691055914906288 0.692648779196428 0.707126052291714 0.753427001554433 0.736059138060216 0.761213336382527 0.737466548733835 0.691262775689461 0.750662063778434 0.737461198168265 0.718631993117081 0.727687866302273 0.694505835494575 0.749449145992505 0.69735284339855 0.705735589936414 0.684364199571197 0.722540676481936 0.700521723108293 0.719222888634674 0.70251614266001 0.583702705056402 -9999 -9999 -9999 0.806634172339853 0.799991516484491 0.767393429339016 0.775831736629643 0.790791696793292 0.725553452360582 0.474854697927167 -9999 -9999 -9999 -9999 -9999 -9999 -9999 -9999 -9999
-9999 -9999 -9999 -9999 -9999 -9999 -9999 -9999 -9999 -9999 -9999 0.400049145431291 0.682111470930772 0.700031230399538 0.687505692608115 0.598887505482566 0.680822742996423 0.686085947858444 0.685661611035795 0.691591897419922 0.669791237681919 0.68925469358264 0.704680068018788 0.752369900838284 0.73165691101323 0.758426688593835 0.746648126983314 0.76970735884772 0.717480881946276 0.724649917578761 0.676659312796291 0.634936912798146 0.703674027927442 0.776398133003281 0.741036144169173 0.704920052006903 0.704900094383955 0.718910442298278 0.728250839972282 0.454523261003257 -9999 -9999 -9999 0.666359369413417 0.800459836095765 0.777252258974117 0.775033050368876 0.775496072007742 0.741793954460054 0.690760245710656 -9999 -9999 -9999 -9999 -9999 -9999 -9999 -9999 -9999 -9999
-9999 -9999 -9999 -9999 -9999 -9999 -9999 -9999 -9999 -9999 -9999 0.419083955851914 0.485367919327251 0.658601759383589 0.628815097689351 0.675625855584067 0.654373689593687 0.656197475626521 0.655310372318989 0.678739159142627 0.638873564429401 0.683572248289098 0.700716847610234 0.691747754700452 0.700853698599263 0.746925027466119 0.774534761060328 0.783240691006503 0.744447999323363 0.719181260191232 0.722941606123776 0.685949689343589 0.701330818578117 0.772895859412078 0.744691479007051 0.743733304518538 0.72833035645754 0.408401749126995 -9999 -9999 -9999 -9999 -9999 -9999 0.804407466615565 0.785761841866152 0.748370347356327 0.699219359493095 0.752493815322646 0.742407683253901 -9999 -9999 -9999 -9999 -9999 -9999 -9999 -9999 -9999 -9999
-9999 -9999 -9999 -9999 -9999 -9999 -9999 -9999 -9999 -9999 -9999 -9999 0.420257297001097 0.537741727447332 0.588370602768752 0.634308755494753 0.655678191592187 0.712115252012952 0.6912805917844 0.678090221793739 0.648664790605474 0.672016310819821 0.712105524937796 0.688754479591481 0.663685447311028 0.736751898120112 0.779988416591272 0.779643823938806 0.75420090340166 0.715495967348285 0.727123795475477 0.680713359800462 0.716847247457374 0.711764770446455 0.70483722518655 0.728868840641208 -9999 -9999 -9999 -9999 -9999 -9999 -9999 -9999 0.798753080947632 0.787822396503762 0.718709419981007 0.697376983774309 0.698830878682574 0.544396493556861 -9999 -9999 -9999 -9999 -9999 -9999 -9999 0.408250680946096 -9999 -9999
-9999 -9999 -9999 -9999 -9999 -9999 -9999 -9999 -9999 -9999 -9999 -9999 -9999 0.471699712602796 0.580188709623672 0.675957170152569 0.68874835791257 0.67699333719168 0.668812156890678 0.655233442485058 0.673919025348987 0.650200749148382 0.690022460820558 0.669110697399838 0.654604992682901 0.673997838103469 0.728321911281758 0.723678262381181 0.686841175701251 0.729032046320221 0.691704990518936 0.72343524924868 0.740153272793684 0.7359851070519 0.748734865219385 0.589115093332706 -9999 -9999 -9999 -9999 -9999 -9999 -9999 0.536290587396595 0.797164524696821 0.778671237708147 0.735374753110396 0.710225146306491 0.702597108405103 -9999 -9999 -9999 -9999 -9999 -9999 0.644813096902444 -9999 0.65159802950229 -9999 -9999
-9999 -9999 -9999 -9999 -9999 -9999 -9999 -9999 -9999 -9999 -9999 -9999 -9999 0.435212526152339 0.524718634105333 0.603459607265761 0.64892924244505 0.632043482181128 0.665903014264748 0.648667420324124 0.662359569036845 0.668575108511171 0.624373563988169 0.600597835195401 0.646030913999186 0.682472718698121 0.665011218517992 0.722081207056949 0.714707864511084 0.744086099411995 0.757123963658505 0.751776329183113 0.77931953586049 0.736128473117386 0.726728211834757 0.722580767165302 -9999 -9999 -9999 -9999 -9999 -9999 -9999 0.778811790676378 0.77929524295907 0.765640163755695 0.69310436955447 0.706482126731343 0.749123913216468 -9999 -9999 -9999 -9999 -9999 -9999 0.638882883581989 -9999 -9999 -9999 -9999
-9999 -9999 -9999 -9999 -9999 -9999 -9999 -9999 -9999 -9999 -9999 -9999 -9999 -9999 0.413029426334003 0.540269498874753 0.667992443615466 0.647962520629362 0.659274580548682 0.660294639583093 0.619447314881796 0.658317200353233 0.653677991518507 0.600063871903529 0.608245343325171 0.654521415304124 0.681322155062934 0.700223249221691 0.7134991213239 0.736825329781024 0.726336604379591 0.78670925311377 0.744200171158528 0.705528392587668 0.732725611357299 0.728107312212264 -9999 -9999 -9999 -9999 -9999 -9999 -9999 0.780828352411662 0.773722684760835 0.75704198203745 0.792749893665917 0.725584426767474 0.529009657470637 -9999 -9999 -9999 -9999 -9999 -9999 -9999 -9999 -9999 -9999 -9999
-9999 -9999 -9999 -9999 -9999 -9999 -9999 -9999 -9999 -9999 -9999 -9999 -9999 -9999 0.459691440992193 0.511268459170585 0.647288171477459 0.604108756730958 0.6282597181921 0.640877060784462 0.613901747420297 0.617056315706807 0.661098558714705 0.586631934586231 0.632892102608147 0.674035792440257 0.653839431282946 0.691915254086888 0.671818204223781 0.628620766609719 0.708702722078016 0.743062530840935 0.731237869814011 0.729878163947474 0.728543046435442 0.68935667517774 -9999 -9999 -9999 -9999 -9999 -9999 -9999 0.747812261772791 0.748984737513407 0.768548479801178 0.777768518929077 0.711081313858905 -9999 -9999 -9999 -9999 -9999 -9999 -9999 -9999 -9999 -9999 -9999 -9999
