inst/out/data for yingying 2018-01-30/bsm_response.asc
NCOLS 360 
NROWS 140 
XLLCORNER -180 
YLLCORNER -56 
CELLSIZE 1 
NODATA_value -9999 
[rows 0 to 26 of 140, columns 300 to 359 of 360]
-9999 -9999 -9999 -9999 -9999 -9999 -9999 -9999 -9999 -9999 -9999 -9999 -9999 -9999 -9999 -9999 -9999 -9999 -9999 -9999 -9999 -9999 -9999 -9999 -9999 -9999 -9999 -9999 -9999 -9999 -9999 -9999 -9999 -9999 -9999 -9999 -9999 -9999 -9999 -9999 -9999 -9999 -9999 -9999 -9999 -9999 -9999 -9999 -9999 -9999 -9999 -9999 -9999 -9999 -9999 -9999 -9999 -9999 -9999 -9999
-9999 -9999 -9999 -9999 -9999 -9999 -9999 -9999 -9999 -9999 -9999 -9999 -9999 -9999 -9999 -9999 -9999 -9999 -9999 -9999 -9999 -9999 -9999 -9999 -9999 -9999 -9999 -9999 -9999 -9999 -9999 -9999 -9999 -9999 -9999 -9999 -9999 -9999 -9999 -9999 -9999 -9999 -9999 -9999 -9999 -9999 -9999 -9999 -9999 -9999 -9999 -9999 -9999 -9999 -9999 -9999 -9999 -9999 -9999 -9999
-9999 -9999 -9999 -9999 -9999 -9999 -9999 -9999 -9999 -9999 -9999 -9999 -9999 -9999 -9999 -9999 -9999 -9999 -9999 -9999 -9999 -9999 -9999 -9999 -9999 -9999 -9999 -9999 -9999 -9999 -9999 -9999 -9999 -9999 -9999 -9999 -9999 -9999 -9999 -9999 -9999 -9999 -9999 -9999 -9999 -9999 -9999 -9999 -9999 -9999 -9999 -9999 -9999 -9999 -9999 -9999 -9999 -9999 -9999 -9999
-9999 -9999 -9999 -9999 -9999 -9999 -9999 -9999 -9999 -9999 -9999 -9999 -9999 -9999 -9999 -9999 -9999 -9999 -9999 -9999 -9999 -9999 -9999 -9999 -9999 -9999 -9999 -9999 -9999 -9999 -9999 -9999 -9999 -9999 -9999 -9999 -9999 -9999 -9999 -9999 -9999 -9999 -9999 -9999 -9999 -9999 -9999 -9999 -9999 -9999 -9999 -9999 -9999 -9999 -9999 -9999 -9999 -9999 -9999 -9999
-9999 -9999 -9999 -9999 -9999 -9999 -9999 -9999 -9999 -9999 -9999 -9999 -9999 -9999 -9999 -9999 -9999 -9999 -9999 -9999 -9999 -9999 -9999 -9999 -9999 -9999 -9999 -9999 -9999 -9999 -9999 -9999 -9999 -9999 -9999 -9999 -9999 -9999 -9999 -9999 -9999 -9999 -9999 -9999 -9999 -9999 -9999 -9999 -9999 -9999 -9999 -9999 -9999 -9999 -9999 -9999 -9999 -9999 -9999 -9999
-9999 -9999 -9999 -9999 -9999 -9999 -9999 -9999 -9999 -9999 -9999 -9999 -9999 -9999 -9999 -9999 -9999 -9999 -9999 -9999 -9999 -9999 -9999 -9999 -9999 -9999 -9999 -9999 -9999 -9999 -9999 -9999 -9999 -9999 -9999 -9999 -9999 -9999 -9999 -9999 -9999 -9999 -9999 -9999 -9999 -9999 -9999 -9999 -9999 -9999 -9999 -9999 -9999 -9999 -9999 -9999 -9999 -9999 -9999 -9999
-9999 -9999 -9999 -9999 -9999 -9999 -9999 -9999 -9999 -9999 -9999 -9999 -9999 -9999 -9999 -9999 -9999 -9999 -9999 -9999 -9999 -9999 -9999 -9999 -9999 -9999 -9999 -9999 -9999 -9999 -9999 -9999 -9999 -9999 -9999 -9999 0.397261426632782 -9999 -9999 -9999 -9999 -9999 -9999 -9999 -9999 -9999 -9999 -9999 -9999 -9999 -9999 -9999 -9999 -9999 -9999 -9999 -9999 -9999 -9999 -9999
-9999 -9999 -9999 -9999 -9999 -9999 -9999 -9999 -9999 -9999 -9999 -9999 -9999 -9999 -9999 -9999 -9999 0.398730806038335 0.338471824671762 0.333135383600161 0.355575177401478 0.341236996286109 0.347980085353525 -9999 -9999 -9999 -9999 -9999 0.347745334165464 0.348619340241226 -9999 -9999 -9999 -9999 -9999 -9999 0.40827990363076 -9999 -9999 -9999 -9999 -9999 -9999 -9999 -9999 -9999 -9999 -9999 -9999 -9999 -9999 -9999 -9999 -9999 -9999 -9999 -9999 -9999 -9999 -9999
-9999 -9999 -9999 -9999 -9999 -9999 -9999 -9999 -9999 -9999 -9999 -9999 -9999 -9999 -9999 0.351325737627879 0.345082424076999 0.361100845859597 0.354441785962961 0.325489775418785 0.323735515052132 0.333953040761152 0.326481615186996 0.329224991961092 0.321195494542454 0.339002224050695 0.335991368945299 0.320532123836946 0.329727301727125 0.341400652688665 0.349039005373627 -9999 -9999 -9999 -9999 -9999 -9999 -9999 -9999 -9999 -9999 -9999 -9999 -9999 -9999 -9999 -9999 -9999 -9999 -9999 -9999 -9999 -9999 -9999 -9999 -9999 -9999 -9999 -9999 -9999
0.407742849619523 -9999 -9999 -9999 -9999 -9999 -9999 -9999 -9999 -9999 -9999 -9999 -9999 -9999 -9999 0.342454501300915 0.342790441677598 0.359542444961987 0.345479905554766 0.337030214403012 0.336488848026562 0.345013900764971 0.341930919329369 0.336527832584171 -9999 -9999 -9999 0.341669043023211 0.345038229148906 0.343468854768548 0.347729289295818 -9999 -9999 -9999 -9999 -9999 -9999 -9999 -9999 -9999 -9999 -9999 -9999 -9999 -9999 -9999 -9999 -9999 -9999 -9999 -9999 -9999 -9999 -9999 -9999 -9999 -9999 -9999 -9999 -9999
0.329438074265935 -9999 0.322771380330658 0.31656590074641 0.315771272155078 0.313138756309546 0.302198723866569 0.293246513332337 0.310543172163974 0.328703875055711 -9999 -9999 -9999 -9999 -9999 0.357206854391601 0.362365206008695 -9999 -9999 0.354481402215652 0.329371360056973 0.330961965293752 0.35150603687481 0.330786117705381 -9999 -9999 -9999 -9999 -9999 -9999 -9999 -9999 -9999 -9999 -9999 -9999 -9999 -9999 -9999 -9999 -9999 -9999 -9999 -9999 -9999 -9999 -9999 -9999 -9999 -9999 -9999 -9999 -9999 -9999 -9999 -9999 -9999 -9999 -9999 -9999
0.332742269455782 0.328541465263849 0.325815153075147 0.323653117230733 0.324827519821073 0.318204658249931 0.3146787232115 0.313377539412833 0.305994583255952 0.315354729696098 -9999 -9999 -9999 -9999 -9999 -9999 -9999 -9999 -9999 0.322151052000384 0.315524348543419 0.318345581415973 0.319412375453284 0.320114122013245 0.322195048351456 0.313875370317258 0.323518508953727 0.322284279494475 0.325941259788546 0.336346145627791 -9999 -9999 -9999 -9999 -9999 -9999 -9999 -9999 -9999 -9999 -9999 -9999 -9999 -9999 -9999 -9999 -9999 -9999 -9999 -9999 -9999 -9999 -9999 -9999 -9999 -9999 -9999 -9999 -9999 -9999
0.324536539941799 0.325625781929219 0.324141987765585 0.321044664088732 0.35061918306065 0.337180158955586 0.341302368195511 0.319804909889117 0.324848731157153 0.314730534387863 0.347546997728752 0.329914782433321 0.339240225545591 0.318711853698429 0.317566396759594 0.319484131758013 0.318060005540677 0.316848523151475 0.316882824166166 0.316924322927715 0.329630748437395 0.328747897721105 0.324742508425461 0.31992440202733 0.317938014365592 0.322736736375369 0.32640368620487 0.32682037680369 0.320785315278962 0.319260829968731 0.313551406464307 0.321835603445822 0.351278826423964 -9999 0.366869823553933 0.337594352288022 0.328759081740817 0.341501625160647 0.365571243267953 -9999 -9999 -9999 -9999 -9999 -9999 -9999 -9999 -9999 -9999 -9999 -9999 -9999 -9999 -9999 -9999 -9999 -9999 -9999 0.319260487980167 0.366796708888281
0.315642780648685 0.314583693444524 0.314420963585674 0.316655814124618 0.318046173739453 0.31779972213228 0.318320786741617 0.328880584147413 0.320502120405116 0.318003002618094 0.323902805631067 0.323311880407282 0.31679271379521 0.315301991870506 0.319147100602454 0.327021192975001 0.322839168503366 0.314325828014691 0.318655508304192 0.318623358022755 0.310105171331506 0.317683547116058 0.320402836001764 0.316948587768814 0.330255957240784 0.329561654019587 0.327971291930003 0.323058926377332 0.317099114333193 0.320485888355538 0.32114792718003 0.323643021776085 0.324786728302661 0.327609435122106 0.32155538273409 0.325299968734514 0.316503912846998 0.322167261055815 0.322954333348965 0.319381359524545 0.360901487154637 0.359615778830234 0.363670165031071 -9999 -9999 -9999 -9999 -9999 0.350253450067808 -9999 0.336792659579293 0.341876221005649 -9999 -9999 -9999 -9999 -9999 -9999 0.330428113132099 0.369810184501033
0.351677031111594 0.329085993783037 0.33175811639591 0.324170041365374 0.334661039697114 0.324196576174632 0.328188307170933 0.314345074568011 0.318244446045955 0.318309875084416 0.320687455715137 0.331458854541929 0.312163490355018 0.31858497391106 0.323261656072251 0.307157321400219 0.305866545955097 0.312094313918544 0.314054267327689 0.320223248194216 0.310260386657995 0.314648618450587 0.322358197363937 0.314825856039355 0.315883587223067 0.313080645230015 0.312127645743775 0.306209870248356 0.309532096624384 0.313042355117034 0.308154549599287 0.304027256602008 0.316085199833451 0.315309359972106 0.314344760996735 0.316632286422543 0.316839852176526 0.31289694862624 0.327184348160646 0.320707647920774 0.316060740867709 0.324224451441436 0.327565006352716 0.328811222542526 0.33658571305552 0.336959774014994 0.326740654422213 0.315883125962294 0.320218647522187 0.323226498527767 0.323839497984315 0.321515668228095 0.331427548356737 0.328836691807395 0.331373387214146 0.328735181114904 0.326707847999207 0.328236450410053 0.324221440582753 0.370654134680948
0.340464473487806 0.332702162122257 0.330205755795193 0.320300072253515 0.333432210678987 0.327756234636869 0.316370019123198 0.307509880852598 0.313752290807075 0.324750439042844 0.317953535967417 0.314148605866929 0.322523407184002 0.334564036128064 0.326876126165598 0.31922805987191 0.324318562195189 0.328215350367696 0.319121219333216 0.316119757817211 0.328709544121123 0.318290070782651 0.318480223556873 0.323868224056556 0.313422064776906 0.317924376073917 0.316203216565703 0.310797419754425 0.310688568250759 0.304094212230831 0.305769596577006 0.310358188287509 0.31217160491606 0.315457890130957 0.310736699632728 0.316234623796051 0.312002774006479 0.312790646003609 0.317192856296191 0.307679806031831 0.309168543689833 0.315400063869285 0.322004986680644 0.314275836467518 0.321298161776541 0.325159985120993 0.328932182297302 0.333392455886156 0.336845856321054 0.338348642281592 0.334011182992344 0.325310240560317 0.334279204521474 0.314358033112585 0.325187816108456 0.321264682133918 0.315972366373415 0.31713775521327 0.314518093063058 0.37640310729632
0.338928828663808 0.336491600949101 0.328695479519417 0.348188307326034 0.334748064246406 0.333971087978501 0.316099316263088 0.304607850828926 0.313561093607607 0.303007493189959 0.318116983977273 0.328379322711485 0.336312393814283 0.333275223127824 0.351308036318759 0.329395362304211 0.3258660730451 0.313428374758006 0.320873765439647 0.307547982024816 0.322779332665426 0.322474391529067 0.316590855125657 0.316444052545392 0.315433193161405 0.318900067430571 0.316169798226743 0.340722450649775 0.318208872574314 0.320975998116183 0.312923394907085 0.322628355173552 0.320656489780145 0.320020799079724 0.325295775613621 0.329744613706178 0.325173957434853 0.337117012886882 0.322743698408474 0.317583984104803 0.324114576117174 0.3287504238723 0.319418312766992 0.327128052849109 0.326187315821244 0.318388908364869 0.319709754487219 0.313618283661762 0.319128618458022 0.323923079509533 0.331204088820788 0.331862646441099 0.336732039240946 0.318692626342669 0.314709973655357 0.316159592308259 0.315425339170749 0.310740159259098 0.323685361883015 0.382143610076083
0.347613127284691 0.338984363409459 0.317900919131749 0.334796732567132 0.332853713347888 0.341194357075751 0.337050665539499 0.310734726589734 0.325147344918738 0.305026959861549 0.31158428279758 0.327705105603156 0.34117989687754 0.333266611172297 0.333025582992038 0.321901728790992 0.322329583658707 0.310018780038144 0.313682793162998 0.333739790776454 0.323460548575757 0.303932497755985 0.313199701170388 0.311869978811291 0.303639232056742 0.312462429423673 0.313742657460656 0.317205178118494 0.329391253569101 0.334132871787053 0.319531617234326 0.323321781920269 0.330510668848679 0.327578636627448 0.335083388285028 0.335783752224233 0.333609405748158 0.332855111203869 0.331615007965879 0.334837883450526 0.324317519205552 0.329614589533431 0.319564660648162 0.319748079749993 0.322549836294798 0.311905740533667 0.311129301423634 0.330087023116076 0.336871466450339 0.337751043027102 0.34089453191341 0.332518194807348 0.353200374766808 0.323267220255386 0.321227988284484 0.325443623806988 0.340009127931805 0.342421286813724 0.324580161135229 0.386921346701204
0.345909162991995 0.341901571084382 0.3236577039388 0.355889604443588 0.324975396038671 0.357969653803235 0.321908468250618 0.321353274178576 0.308769737984425 0.320011551931913 0.311682707486946 0.320663568190055 0.328953456363412 0.324203941095579 0.317147683383448 0.303818085274241 0.316329313349499 0.312383750719636 0.307573461658371 0.3155776444925 0.319757080605274 0.315952672917627 0.30603120930938 0.318964003527155 0.307890271016248 0.310459996912082 0.300988081658386 0.305789008867111 0.307662013363504 0.315125244112601 0.331536677160814 0.330324511448136 0.333528031579301 0.332241689377757 0.332268719014919 0.327689891930327 0.328282718068997 0.332121472958822 0.320469733627404 0.320480198641922 0.31542856347649 0.31445411485256 0.318323034183115 0.320108941159624 0.323619021122195 0.329194737886076 0.326251324634408 0.329783998605921 0.32316309285937 0.345447540262292 0.347459051317832 0.335252107366704 0.332127832251827 0.326328785884503 0.337728691591641 0.323616792808083 0.332329642308199 0.31741730430543 0.319995121144885 0.383381863678436
0.338370801342098 0.346590107680191 0.34701093906456 0.357740134896649 0.355529407562993 0.344938731596876 0.339237448147747 0.334814330594341 0.334381219571003 0.33092743750905 0.324521265567596 0.315314665294889 0.309691663273898 0.305178229887558 0.31531459448522 0.319371374664828 0.321920224649228 0.316592719605513 0.308591177689623 0.312301577508167 0.303864624347295 0.318085645480165 0.307156911215763 0.319230097259985 0.307375937311376 0.303463691964759 0.311392986612584 0.31219401829113 0.309917696032936 0.320561145700821 0.33742226134508 0.337332658775007 0.3259923478654 0.338252735188325 0.331179489735623 0.333220147804092 0.326702271698205 0.326494333738939 0.320049438403269 0.303715266398722 0.323060090363478 0.308615186646881 0.316244439213152 0.321013050990609 0.313119834620956 0.323791436464844 0.331841597707718 0.339488436509941 0.346155056533267 0.332815542181986 0.324955655249347 0.319257025857411 0.340979004617959 0.319846563675756 0.327480244859062 0.344081426155978 0.323029058677068 0.335322563164103 0.331149315093608 0.37503607279034
0.354023442592774 0.347505376007794 0.345747637473412 0.345235473185454 0.357962411958426 0.341407133330337 0.360699747589559 0.337032585981033 0.337483051153823 0.347334863115597 0.33072131352432 0.336859874666413 0.332481344253688 0.3337654633378 0.339086572136174 0.340419594390642 0.346493167680222 0.31571564741251 0.307453734747804 0.319486254306114 0.313819983435315 0.306770890152454 0.318582767866879 0.323442021320532 0.302946726959822 0.323340981215558 0.323112906916066 0.303534782639045 0.302805887991083 0.325040195356616 0.320947637782428 0.319599466420452 0.342468703912532 0.321276369222855 0.327776773282056 0.327305031213941 0.324246038331429 0.315758892814134 0.31869521387326 0.327443647017384 0.340444463553025 0.341313738070842 0.345859223307759 0.335809110489806 0.327367966665484 0.326171468681815 0.331442056656282 0.314963429069702 0.317451731647689 0.331374647897553 0.338534231245109 0.341044971178028 0.34813458689603 0.346031125179052 0.357301565695776 0.335307660503666 0.326939277187651 0.325935922899577 0.338001019352866 0.372272681377678
0.338490281311452 0.333575365821958 0.334464250540743 0.342117246661977 0.341484067283767 0.330891941191089 0.334638507841602 0.332440978787609 0.349388482249267 0.430169097962583 0.451647406972479 0.343237286234401 0.368121449588471 0.355822830935617 0.349245857843618 0.351699369719399 0.338176188373576 0.319419708157525 0.318256195486445 0.307340801780874 0.295814443445044 0.304779045228934 0.306392175255421 0.297988204657005 0.297051701916864 0.309745218457759 0.323041543302275 0.322342620788301 0.309995230133568 0.311504317049347 0.326405838679926 0.327439070072871 0.333537013070119 0.33744034626143 0.331023674026036 0.320600857084055 0.313144317680726 0.310901364629985 0.327237279715671 0.345173685305186 0.34534861417057 0.350963427098332 0.328412478952335 0.3436960175814 0.37767565135502 0.338235871741291 0.326926349197402 0.34095056712473 0.341548603264093 0.345018144531233 0.33797535768216 0.338075586067479 0.348612810449976 0.355262217164866 0.335613604920482 0.336885131589543 0.328787015702906 0.32926747012228 0.334164033686941 0.375631236742095
0.328393043131587 0.334748973854016 0.352855995376313 0.370245238695006 0.355564667392346 0.333676430118568 0.366133682002366 0.365165286364326 0.363216719244518 0.457243016173469 0.398053524308018 0.381723837088372 0.449714082067504 0.37312897072984 0.353684929856888 0.349822838167379 0.343080162691746 0.336259917387618 0.336729417574961 0.30662448796508 0.314047787768894 0.306677139048099 0.300836942752325 0.302260333794468 0.30068187352617 0.303751282087057 0.305030297461763 0.312759371823911 0.303989255153329 0.314634349404998 0.309149245493019 0.310900661777887 0.314879932708552 0.309296824380977 0.309353442751435 0.31276002772613 0.317645460094228 0.324837326510697 0.339029623756291 0.357356253379393 0.375871249193652 0.333315243387342 0.352692440993308 0.368381872074304 0.356173865203809 0.344248460548321 0.325527890300439 0.342426790130454 0.347961066324265 0.355414333136991 0.337458116172133 0.325609406569417 0.332284117365748 0.329255669567882 0.329151250132469 0.365731390380664 -9999 -9999 -9999 -9999
0.399113012371984 0.327524297157828 0.327292055502664 0.343647447534042 0.348893996036499 0.324609030405523 0.315623338546963 0.339611636024058 0.341840307844144 0.350915146615111 0.449148305422063 0.422395037871607 0.36269316078321 0.378541961705768 0.401730304298986 0.352764380234837 0.331197123872277 0.351600086664669 0.317962781271272 0.324708326371612 0.323015263366681 0.326712698175109 0.343522171796996 0.340129355424074 0.325733987151316 0.333895622871241 0.331731925036273 0.322680616194105 0.321985393943937 0.300765534793037 0.310942499208323 0.307281461866137 0.303237019894891 0.307820948171408 0.314468027292974 0.330203719667108 0.345323033274666 -9999 -9999 0.352530743803441 0.364378112889418 0.369252959143753 0.376905694336717 0.355501250415909 0.359720525957163 0.341796147374879 0.339724544215802 0.34476438463933 0.336188570576375 0.351800579194271 0.340230838699511 0.335416543221607 0.340045641502025 -9999 -9999 -9999 -9999 -9999 -9999 -9999
0.343237970060203 0.328468514329157 0.329994402909582 0.339210383616535 0.348378457080811 0.319864025700543 0.335073045716273 0.323748422889469 0.317201895102978 0.365830727281193 0.440619395848807 0.432311050331116 0.392153165780228 0.414832186745754 0.330497551648068 0.347380710370078 0.319501415346003 0.324665936854125 0.327607716154122 0.342590445413134 0.345949915352561 0.35333389831642 0.35796806082134 0.337095143725852 0.33598429979628 0.347018487879515 0.331722293229775 0.343441528274715 0.346367624011489 0.336892108233326 0.347106396982434 0.34498983354393 0.359745408545251 0.342357672546959 0.35019712608513 0.341459403831701 -9999 -9999 -9999 0.375548632654177 0.373825681006953 0.364070159252469 0.326935355434298 0.363717752754372 0.377068192355801 0.357295424268354 0.362143993927286 -9999 -9999 -9999 0.36333363338006 -9999 -9999 -9999 -9999 -9999 -9999 -9999 -9999 -9999
0.312819804307106 0.350203804123156 0.329427289835262 0.335280932329074 0.332079587094516 0.351231065899727 0.334930631037686 0.334067367078597 0.314155340441752 0.317705631067309 0.361194372766363 0.361784378886657 0.350003220918222 0.390766436701236 0.3621884537772 0.341754961361958 0.331215866177273 0.323261002924781 0.349306010832968 0.336280787041393 0.402372856895443 0.329893922517953 0.35562669059218 -9999 -9999 -9999 -9999 -9999 -9999 -9999 0.407039869491094 0.365066295004824 0.36801877838498 -9999 -9999 -9999 -9999 0.37446312461833 0.373693610248436 0.369163807197924 0.33524208048519 0.34758454869679 0.337261105087327 0.390344065536194 0.341014093979561 -9999 -9999 -9999 -9999 -9999 -9999 -9999 -9999 -9999 -9999 -9999 -9999 -9999 -9999 -9999
0.318034214544628 0.343168122696961 0.332139630588966 0.350280681195343 0.344627759104333 0.331854579016336 0.339776103974007 0.320546626012409 0.327180693612978 0.345736781515932 0.380437186075412 0.337577702192754 0.328064510999219 0.373589393115808 0.356897286355796 0.352948027670193 0.337363296834141 0.337827556704099 0.386534075920417 0.345949643617886 0.331836573125008 -9999 -9999 -9999 -9999 -9999 -9999 -9999 -9999 -9999 -9999 -9999 -9999 -9999 -9999 -9999 0.385917334489704 0.380562928367496 0.338061159830948 0.359800215859712 0.350063713646758 0.366732619860055 0.440588808916683 0.401002719709749 -9999 -9999 -9999 -9999 -9999 -9999 -9999 -9999 -9999 -9999 -9999 -9999 -9999 -9999 -9999 -9999
