inst/out/data for yingying 2018-01-30/bsm_response.asc
NCOLS 360 
NROWS 140 
XLLCORNER -180 
YLLCORNER -56 
CELLSIZE 1 
NODATA_value -9999 
[rows 0 to 26 of 140, columns 240 to 299 of 360]
-9999 -9999 -9999 -9999 -9999 -9999 -9999 -9999 -9999 -9999 -9999 -9999 -9999 -9999 -9999 -9999 -9999 -9999 -9999 -9999 -9999 -9999 -9999 -9999 -9999 -9999 -9999 -9999 -9999 -9999 -9999 -9999 -9999 -9999 -9999 -9999 -9999 -9999 -9999 -9999 -9999 -9999 -9999 -9999 -9999 -9999 -9999 -9999 -9999 -9999 -9999 -9999 -9999 -9999 -9999 -9999 -9999 -9999 -9999 -9999
-9999 -9999 -9999 -9999 -9999 -9999 -9999 -9999 -9999 -9999 -9999 -9999 -9999 -9999 -9999 -9999 -9999 -9999 -9999 -9999 -9999 -9999 -9999 -9999 -9999 -9999 -9999 -9999 -9999 -9999 -9999 -9999 -9999 -9999 -9999 -9999 -9999 -9999 -9999 -9999 -9999 -9999 -9999 -9999 -9999 -9999 -9999 -9999 -9999 -9999 -9999 -9999 -9999 -9999 -9999 -9999 -9999 -9999 -9999 -9999
0.356301018161802 0.349857804253056 0.353687987117636 0.358191011510845 0.344884075218934 0.348081853259364 -9999 -9999 -9999 -9999 -9999 -9999 -9999 -9999 -9999 -9999 -9999 -9999 -9999 -9999 -9999 -9999 -9999 -9999 -9999 -9999 -9999 -9999 -9999 -9999 0.345268631137849 0.349429091278538 -9999 0.355035536222726 0.343046230521095 0.338535439582051 0.345535959598707 -9999 -9999 -9999 -9999 -9999 -9999 -9999 -9999 -9999 -9999 -9999 -9999 -9999 -9999 -9999 -9999 -9999 -9999 -9999 -9999 -9999 -9999 -9999
0.341024988957679 0.340046160760836 0.350358734438155 0.347457312199239 0.351922167130849 0.356247302094064 -9999 -9999 -9999 -9999 -9999 -9999 -9999 -9999 -9999 -9999 -9999 -9999 -9999 0.342532071683079 0.3439872688057 -9999 -9999 -9999 -9999 -9999 -9999 -9999 -9999 -9999 0.398025296935699 0.341215332212997 0.329018921956106 0.328296014342273 0.336988178657443 0.332984829974258 0.332568231763404 0.336820668455495 0.345002294045989 0.356285788150977 -9999 -9999 -9999 -9999 -9999 -9999 -9999 -9999 -9999 -9999 -9999 -9999 -9999 -9999 -9999 -9999 -9999 -9999 -9999 -9999
0.408085012254324 -9999 -9999 -9999 -9999 -9999 -9999 -9999 -9999 -9999 -9999 -9999 -9999 -9999 -9999 -9999 0.387254741110935 0.385731496873604 -9999 -9999 -9999 -9999 -9999 -9999 -9999 -9999 -9999 -9999 -9999 -9999 0.355570929776196 0.347616597597937 0.333587634899216 0.344977967244534 0.343016268083272 0.335239090974452 0.33208047426553 0.338572363900273 0.337399798443115 0.336111754685552 0.341409642451249 0.327399306186238 0.336015814450295 0.339144113314538 0.347926287037348 -9999 -9999 -9999 -9999 -9999 -9999 -9999 -9999 -9999 -9999 -9999 -9999 -9999 -9999 -9999
-9999 -9999 -9999 -9999 -9999 -9999 -9999 -9999 -9999 -9999 -9999 -9999 -9999 -9999 -9999 -9999 -9999 -9999 -9999 -9999 -9999 -9999 -9999 -9999 -9999 -9999 -9999 -9999 -9999 -9999 -9999 -9999 -9999 0.355491578664968 -9999 0.356477899479489 0.330707095701124 0.351905992904869 0.334029560312942 0.347846612069447 0.328412261681696 0.330267559075568 0.316471209616937 0.321834189751 0.331419509293883 0.326013952149476 0.325454899253476 0.33248937117475 -9999 -9999 -9999 -9999 -9999 -9999 -9999 -9999 -9999 -9999 -9999 -9999
-9999 -9999 -9999 -9999 -9999 -9999 -9999 0.399722307224777 -9999 -9999 -9999 -9999 -9999 -9999 -9999 -9999 -9999 -9999 -9999 -9999 -9999 -9999 0.38194251912949 -9999 -9999 -9999 -9999 -9999 0.343545339235493 0.32427871585237 0.356698402393936 0.349613878010108 0.357100664080525 -9999 -9999 0.349733329148051 0.347721557046456 -9999 -9999 0.361042304448509 0.36975499260782 0.349256741130301 0.32396765482142 0.315599087458043 0.318540933971335 0.331504028657084 0.340044965150671 0.32370490232506 0.355030939875349 -9999 -9999 -9999 -9999 -9999 -9999 -9999 -9999 -9999 -9999 -9999
0.326898700894449 0.323642161683962 0.327759213336353 0.3399551924042 0.331246653745715 0.326177060440789 0.326053475272804 0.333293784728033 0.324885448748617 0.355396504494153 -9999 -9999 -9999 -9999 -9999 -9999 -9999 -9999 -9999 -9999 -9999 -9999 -9999 -9999 -9999 -9999 -9999 -9999 0.355671023823562 0.364216033241586 -9999 0.35534068750132 0.355318049943414 0.345283419431511 0.348734492904418 0.316921624525499 0.324014771469844 0.331549237130353 0.325609471521538 0.317431434900407 0.317711269376914 0.325268706813644 0.322852755252869 0.314065237968467 0.317114116943557 0.310845575954296 0.31394537546976 0.316112226004917 0.318672045113105 0.321393987284607 0.315531755143057 0.312685513807526 0.315502142214207 0.33793636603004 -9999 -9999 -9999 -9999 -9999 -9999
0.334219447859025 0.324858761042744 0.328177673091868 0.322712203224101 0.329776281275203 0.337247236775959 0.346639382459453 -9999 -9999 -9999 -9999 -9999 -9999 -9999 -9999 -9999 -9999 -9999 -9999 -9999 -9999 0.325390642877219 0.325662776106714 0.344495266499227 -9999 -9999 0.345946802862392 0.338102756065234 0.325175723022083 0.313178068231918 0.311741091151151 0.308274225356195 0.312659216996137 0.318124921076583 0.322600574925488 0.3166973132089 0.317687610691991 0.31988177693501 0.318708155232049 0.320631359212007 0.319713253610392 0.321484913909415 0.32532205808891 0.311594239009982 0.313786942302164 0.312555092342022 0.318641293647891 0.3184958143826 0.320532248492326 0.31350336441205 0.312671257010781 0.318600965128768 0.321249526025749 0.315628609873239 -9999 -9999 -9999 -9999 -9999 -9999
0.326160605050481 -9999 -9999 -9999 -9999 -9999 -9999 -9999 -9999 -9999 -9999 -9999 -9999 -9999 -9999 -9999 -9999 -9999 -9999 0.371885229426684 -9999 -9999 0.329704761005051 0.326984739447037 0.314075114610706 0.349375403263681 0.333546157411334 0.332213113295373 0.351012323749347 0.331773018980253 0.328447223728712 0.312299002022442 0.318786021677446 0.335264280821681 0.320390400539611 0.311167432555141 0.308664323115066 0.316810522870161 0.31379203763041 0.316625297410391 0.313682807227035 0.318185248824928 0.325825961783666 0.325865032872741 0.324162070059775 0.326612520089615 0.327044537923458 0.321190815622899 0.323039824694088 0.329771322202691 0.323624047825826 0.318736006628899 0.318363907121068 0.350924496148661 -9999 0.408953841365604 0.408119819327863 -9999 -9999 -9999
-9999 -9999 -9999 -9999 -9999 -9999 -9999 -9999 -9999 0.351359297513763 0.31600554040516 0.338762969731603 -9999 -9999 0.339684418283641 0.31964248589425 0.342392098072447 -9999 0.396720115351678 0.338679225969855 0.328555088133861 0.326059344279064 0.323422090261476 0.324551789598024 0.318199372026388 0.32597583579141 0.318757763833894 0.316004875875249 0.320726962106494 0.320823743654632 0.316300417932866 0.323632393808234 0.323487646101622 0.312872680515943 0.324282987346784 0.324989815171386 0.324164007793097 0.334145841114246 0.326888476850728 0.331084382366642 0.333918692934693 0.331289441687817 0.324118921715529 0.327649075523808 0.324374911946454 0.322119604131265 0.320533149752831 0.318530039276907 0.324849076408818 0.317541544936364 0.323760252778998 0.326052908466663 0.323974787344728 0.319736758351459 0.316854604182094 0.318931088101782 0.324293980235483 0.316162344965646 0.316867559748465 0.328727947002048
-9999 -9999 -9999 -9999 -9999 -9999 -9999 -9999 0.340999651087966 0.340142524584054 0.323023460258332 0.316539801277066 0.311805392472565 -9999 0.340617750841869 0.33115971696855 0.349883167063344 0.341148829453457 0.32642632886756 0.323168693586302 0.348793570719996 0.325500842414 0.326515501344444 0.329397766661831 0.329069842972923 0.333535981373001 0.325118460411628 0.321146503973508 0.330936257183634 0.327863228632145 0.323271025244049 0.323765381609622 0.332712728355315 0.327093737842845 0.323888206950923 0.314900439650991 0.314648988745226 0.314861778221396 0.324262602423758 0.320885127094453 0.324009526023028 0.324557464644392 0.312795073149627 0.321245061916653 0.314545748405754 0.316957857622096 0.326977319582074 0.320595417818508 0.318580807835937 0.327914252682442 0.315858954413827 0.332249134199377 0.332462210075994 0.329229292809712 0.327118695067443 0.327619833390791 0.321863704658171 0.322596376535916 0.320235020225044 0.327656957678061
-9999 -9999 -9999 -9999 -9999 -9999 0.339288757897196 0.315838662839627 0.329301571537339 0.344541201236263 0.343341405135596 0.339847181582279 0.325272896363321 0.330043967223902 0.341901000213862 0.320147209330939 0.320085555900086 0.321945960206288 0.320351504169938 0.323117040105401 0.326963153070658 0.325331240165092 0.320803132665386 0.336840535943695 0.322876776893791 0.322525596345374 0.326531306365135 0.328499311411133 0.320204199826532 0.325488822343139 0.319718056925235 0.320968413430216 0.319271794198454 0.315855972274168 0.30269246983326 0.313904821297102 0.306830668185376 0.309264331564118 0.312660448199488 0.320725227022477 0.313174431255851 0.310569880500836 0.316551546238262 0.3176751636839 0.333097830382485 0.338490257326649 0.327253603435742 0.332754942075685 0.331059553500627 0.327583876669983 0.325107089613718 0.330764957782826 0.322937701240357 0.342114247540745 0.324948333245021 0.330025861258084 0.322035214521451 0.323245951515026 0.324892506391892 0.31670399207444
0.375633653179206 -9999 -9999 -9999 -9999 -9999 0.332251733683214 0.322231572077283 0.332969424334694 0.334161821201376 0.340691735025303 0.327398439737789 0.324105957608945 0.327155870739033 0.324299390550186 0.324992060611821 0.324577809631345 0.325076739194583 0.318055569120593 0.325144871998077 0.321764204642674 0.322702372259301 0.346930730936052 0.34754156820752 0.320650274947155 0.32307404842476 0.3190519523326 0.325177567918776 0.321171954381858 0.320222400654228 0.321990172432131 0.321589319647085 0.32123580934583 0.311703489937664 0.31287774135514 0.310849489421933 0.313723798697368 0.31369215333503 0.311989073820617 0.306193300724821 0.324295904311873 0.331549615183487 0.346042884268576 0.318860872787601 0.336897020733723 0.344146657753136 0.344072744899111 0.329155983275933 0.337691867869589 0.334388103608788 0.335471364717203 0.330177021422547 0.320150644876448 0.32099258399272 0.333177827880763 0.335101367378985 0.325162676385093 0.322578058496127 0.32504422205897 0.320276062228495
0.356308346826006 0.339874442997781 0.343466152146041 0.353559026922943 0.332600727058543 0.337640209188648 0.338257330265618 0.328392381913715 0.328301208568372 0.333847570084562 0.328868130967889 0.329593912704954 0.320248683446775 0.346354206982699 0.317877353603056 0.319387513832192 0.321179220812177 0.321589329893214 0.323211618227794 0.31659820274635 0.319803442209238 0.323077776877243 0.323022794349671 0.352836205846193 0.334423131749497 0.334805084635081 0.33158323218528 0.334095343881094 0.334406934775216 0.321030272693308 0.318789749159193 0.31378373372991 0.320375551172209 0.30371897171791 0.301778861040806 0.321079755366647 0.300792695551704 0.317106532626811 0.320121252395182 0.331519434384395 0.32443494014567 0.338677513578151 0.306105497457771 0.311687150518625 0.318850469170015 0.326763020165826 0.327041144059268 0.321302536808462 0.346225197669238 0.339471126255335 0.333401775525401 0.321332756105067 0.331631673617301 0.326236914844193 0.326379546076377 0.330702752168693 0.32519117714005 0.323471451975615 0.321409341635383 0.330141818290726
0.324327828808126 0.33126459204063 0.340234345554506 0.331810829979657 0.341143200608505 0.324183919005502 0.345405114108325 0.35171457853982 0.328169168025806 0.330283306672557 0.335963852496972 0.332374433906943 0.328908723119146 0.321913458659636 0.331040167965973 0.327225533815182 0.332323570021127 0.314302315997235 0.334239546183453 0.325448731287402 0.329711014773128 0.317068466167057 0.330919949920891 0.332306073505466 0.324400152677309 0.321344887677004 0.31966756478461 0.320012804616369 0.324452010632915 0.315942316988191 0.322236869515719 0.321621195498887 0.316818534088235 0.307767960287621 0.298010574148829 0.303577032683658 0.312107176188683 0.308966003382771 0.316997460897733 0.310235521362629 0.309254465471251 0.310291754851248 0.325369360901443 0.315181679690562 0.325322880488278 0.322503325015498 0.319664609813176 0.312783819739249 0.319527567516954 0.331510895402075 0.320586335547172 0.318759819802041 0.313022989306715 0.316445273945357 0.316480120965177 0.316855422597063 0.335536756773826 0.317254466568814 0.315939559639172 0.346485829866525
0.326382741630897 0.326531612422072 0.325696680668117 0.347882202336497 0.354655360311783 0.330756895201932 0.321458568033113 0.324680462106509 0.319739583534596 0.315964828146439 0.325303577760143 0.321485270297733 0.321130048211147 0.338619337637833 0.331555043911095 0.325958249843314 0.320656026222193 0.339650129246349 0.357213978778468 0.322909596326733 0.340234121823877 0.315234478006663 0.323142668752372 0.326931978141413 0.325184932986499 0.315857681108556 0.339141216180684 0.3186535368202 0.324378432378839 0.32230086092365 0.318200473855223 0.324225127626974 0.317286198215142 0.314262985271055 0.306081590922111 0.312252937975652 0.310896523001172 0.311936262472798 0.306429582273634 0.307606269522084 0.322631023462819 0.324099334216554 0.328111782657122 0.329086900913119 0.337185629769327 0.341571256542806 0.330367449850185 0.320269290502151 0.328022403429996 0.330111153381535 0.320378493446813 0.322955502853553 0.321015967541717 0.340437241686072 0.334298976679975 0.325250246803723 0.319937677005174 0.330926230593618 0.334702029115601 0.327726007391851
0.33095858337816 0.316754930696782 0.321020173764784 0.330617134314585 0.33258092038654 0.318324690403662 0.341857912058078 0.324872119891152 0.313426274101055 0.326293777907726 0.337412234298332 0.316127687632345 0.324593877358423 0.333047669202702 0.323543967111995 0.330163487715691 0.336563749209446 0.324834660057618 0.338183568866202 0.331950836685961 0.31882717409563 0.336587663321397 0.334243282617686 0.310223806894844 0.319696369640176 0.322914140123857 0.324838992248526 0.324850241725235 0.325089874795312 0.325302998871232 0.31834874518935 0.318704170712096 0.317617498718211 0.323628263564527 0.322259721461131 0.310498114784372 0.307467970104763 0.305588119874297 0.312207450382622 0.323318861759517 0.342878571882089 0.324451531488774 0.329474233428489 0.331582397025996 0.326355747570091 0.323692896219126 0.345468970151044 0.332173136957401 0.337319197200238 0.326876161281133 0.334736097830814 0.317188099970148 0.338548861263161 0.331194518113734 0.331642882880075 0.335081008332844 0.32850895309992 0.310890804148911 0.321633284002893 0.339816006444635
0.329644034516916 0.324090972407435 0.315019419835635 0.322018273001238 0.329202851435146 0.33216539968516 0.332130394898467 0.320200561293567 0.319199787939934 0.315348166737066 0.310047317580371 0.315138102406748 0.323641788187054 0.307775461754551 0.314643183571941 0.304948125533199 0.312233340674956 0.313882008877113 0.315907868540551 0.324340576062623 0.323589490237198 0.336165598530084 0.344822300473062 0.318215635967932 0.328741469295016 0.321380136714866 0.333704620286359 0.323852459250909 0.331044443856802 0.329109985742439 0.324365015353392 0.32058903795562 0.325723729898179 0.322859028380032 0.332638876009758 0.330017436102144 0.332629676108548 0.325250850097042 0.339343574377584 0.331276210016808 0.336520242841671 0.323631610819352 0.326105984122726 0.329318811652819 0.319619297657274 0.321125943889132 0.334611861752072 0.335653799731242 0.32273837817931 0.324841675812441 0.321094572997962 0.329950420756262 0.325140517564439 0.323136771218554 0.326036872816624 0.335303292091656 0.320844743213625 0.340934619469105 0.346979343223171 0.337124492943783
0.329111112850163 0.327927491203736 0.33430442186893 0.329578046796507 0.323200444858741 0.336100100282772 0.33711138015061 0.333175184441917 0.328367324637353 0.317934873551072 0.324589967536426 0.320018521160713 0.315265723308928 0.311410299608688 0.308572011174603 0.321895649348547 0.322948970157531 0.323782568279979 0.318587022988346 0.314150584305934 0.334596473524413 0.331139118122109 0.323904598993568 0.334098672347267 0.332686651256317 0.336576056403623 0.323054781647355 0.347652852359324 0.339332459448934 0.336545383279503 0.327219027746781 0.33272226434853 0.327126215646529 0.329726566701254 0.332678330612512 0.331031719772137 0.351394893742033 0.337292728276977 0.330448042811476 0.332407496782227 0.335793122712274 0.341328079873812 0.328619432963368 0.336880806395971 0.334982368446926 0.323786116834789 0.321633023920402 0.328358052237841 0.3257173727633 0.329226594564926 0.323170954772249 0.329894358444838 0.33388263729134 0.331324541785365 0.348011448570512 0.333133740669077 0.34729045303121 0.334396497197512 0.355618731355603 0.354370439397356
0.348936997193559 0.341251107138476 0.341532007658043 0.345203974250685 0.345368073133838 0.360945912154937 0.354777869040577 0.341003480701771 0.334802382865118 0.336996214229145 0.326468730971923 0.335387464263827 0.326363637368385 0.315161321610349 0.33701499650074 0.342250681096268 0.325450504528629 0.326614805982904 0.31998152775079 0.321631015370378 0.328501351411857 0.33726465856068 0.324959250078089 0.317754560705904 0.333016252364155 0.332468433718687 0.336246141250101 0.34937975767608 0.345801643953145 0.341717139864712 0.340534721765712 0.33453334728067 0.335806524893746 0.335662643243096 0.339343368769234 0.334617575148433 0.329931592042986 0.332619231497383 0.335014356449568 0.356333926952607 0.333943713353704 0.323918989852621 0.34708615848612 0.331923233937518 0.331213477054834 0.317047195803157 0.328690153073643 0.331747777067619 0.320211168789856 0.332740981243206 0.346619044369208 0.328638275282729 0.349133538077213 0.338193622434345 0.334144796017419 0.335717407284629 0.324177990150428 0.347379650473681 0.35728065352382 0.343484187193976
0.350788450567579 0.355392902587639 0.337685548755977 0.359626170422535 0.346457346139968 0.35927271476708 0.350742664212649 0.362573966265252 0.33707053463917 0.335903767930505 0.329646521711616 0.331322415916367 0.325825960993554 0.325267564389998 0.336237455294378 0.337048841394182 0.330953005178823 0.390379066254591 0.342258242408746 0.322377613827479 0.340548499672047 0.332051979006025 0.32780633304993 0.334822049566665 0.328162350515328 0.340287033932053 0.336127442468766 0.346930719676718 0.374007674634126 0.352886006484051 0.339972460025246 0.349845892145905 0.335442270529858 0.330782742108543 0.327311476914503 0.328956934679672 0.323033761463264 0.331847220573002 0.333730283110455 0.32492763342339 0.329485795309874 0.348877839890658 0.344537448057833 0.340795004104145 0.322618377863998 0.327536901369806 0.335804483729413 0.342386422285377 0.327438071285688 0.333906919293141 0.352273247958961 0.352901159274186 0.336186780136816 0.325646097913775 0.336351027410239 0.333120369073734 0.34296293065695 0.338698880359381 0.333409801263089 0.323279793812401
0.371742310207286 0.345988434413132 0.36924067346527 0.360076832797971 0.348963524296861 0.359077526602804 0.346889430341415 0.338558964464035 0.371391384243352 0.356613824537963 0.323437096896199 0.322211917780505 0.348885753329735 0.359066564259009 0.351055893795749 0.366248691582375 0.341832351122478 0.358336118036582 0.349312812597341 0.32996951724909 0.336666650148544 0.341756092164789 0.34571837472942 0.344151065259392 0.332482085462132 0.330589133704223 0.33291769669634 0.358582671115055 0.355264466362313 0.347794054026786 0.34439921818003 0.341150490098972 0.347047953970822 0.351309508148636 0.344661989014375 0.349585943934891 0.350216505695442 0.345163352639788 0.323968342383795 0.324323278306829 0.333480270270221 0.339552934765917 0.32955985973897 0.325065536322277 0.331484481260686 0.329719050470638 0.337370179113252 0.337240520774542 0.335715669294834 0.357307006227355 0.341300042663835 0.329783110271429 0.326239575516433 0.344840241104407 0.335484334206142 0.402098656691594 0.333799306582854 0.328469159525317 0.324346788146734 0.325227547103168
0.384989645346771 0.424988804888624 0.406480758600343 0.406306543582683 0.458088268108349 0.360438407026919 0.346475526207053 0.35138504708001 0.364126192036818 0.350433928096359 0.346158113786282 0.345471105981007 0.34563503497494 0.355001132659915 0.346583970841595 0.352778521834211 0.377056486056491 0.366774232167693 0.371812267011595 0.342944703261746 0.343700186380504 0.345796769377328 0.357825350778075 0.346436913037579 0.347507258783866 0.336735605671025 0.346563872183742 0.390665135877965 0.421222873643251 0.375158062168912 0.34287973874318 0.347337567951164 0.340727742878256 0.344253243974104 0.369721002440142 0.357665683638154 0.355540170933863 0.353101972673325 0.343999020338196 0.339288409883927 0.354405210654785 0.343716374760861 0.339309287469458 0.336029552054334 0.348670985724203 0.332413555421001 0.32868072638756 0.331801326236784 0.326893881511602 0.352177742334235 0.352455868448045 0.404761037700748 0.347020325549169 0.356782114548064 0.375402177606596 0.344900556403396 0.349018814410425 0.3517946537409 0.32872985858788 0.331405001405181
0.475033398129134 0.495495971701852 0.501298624027517 0.470917915558284 0.471404756129682 0.486617864414797 0.476535030129792 0.429102125219887 0.378263314919691 0.368638691397701 0.346936288146256 0.348154622170193 0.352249875805333 0.353537714588335 0.350182439487468 0.340518333839435 0.350135983415832 0.378793204640776 0.403305217772169 0.428133818436095 0.482105503134409 0.409818022335481 0.35843999668561 0.349934698681683 0.339173892733769 0.364884592081357 0.345988509408224 0.342673329509019 0.390138041023622 0.352983138048875 0.346776917439434 0.35309685326717 0.32768205092119 0.334210863800171 0.341028196362616 0.351834408428607 0.342279206878525 0.345198633012482 0.34608723354868 0.352863640521359 0.342543558033592 0.349587964704205 0.357051867923936 0.343068404583019 0.345714821458817 0.341204057666116 0.32635958355088 0.331485837715664 0.344721263979866 0.351828486005882 0.36221719574664 0.356831088580726 0.375499139477668 0.340540774569238 0.321747057391642 0.321940222830076 0.337611443308766 0.323744674989274 0.3443232465389 0.405963912681173
0.499256763400197 0.525493138517616 0.527021396731041 0.524860758245753 0.493690812616116 0.524599411309636 0.485118743993821 0.481697681940247 0.483004727196537 0.450099063013415 0.373540209960563 0.365047797653179 0.362476106427398 0.37485960486056 0.380308650229375 0.388428467705544 0.37390196720843 0.386458230703364 0.412714414809508 0.404525469081643 0.420554573929973 0.47501801462677 0.509466078059241 0.479867968421967 0.380829674113206 0.399311343616629 0.38863048934325 0.362678200467454 0.384968419713066 0.445712190707944 0.402234542451393 0.492570427068672 0.498372559871345 0.371741135091641 0.369266441441024 0.364847423734966 0.38392283855161 0.452673791573818 0.40915081966743 0.354607709869918 0.368778960778278 0.384576481676394 0.415726725149556 0.358248242855494 0.343182198390307 0.344995424964656 0.343944842501473 0.360413665708796 0.337130494352499 0.348513207158543 0.351089039783753 0.343772623455457 0.387604373208214 0.334057456986328 0.34071876997045 0.329661808854508 0.348022467918408 0.311122347843251 0.332240383887422 0.327031907362412
0.494850946433424 0.499930808267752 0.546694799658876 0.552738985443783 0.535163072021671 0.482151851688882 0.5475444972429 0.522874178946861 0.506586110254084 0.499347179637733 0.514447426143753 0.489877487303016 0.498236684979214 0.490401610614433 0.487119974813106 0.474232286560745 0.488903579725429 0.429715160172108 0.4735644576687 0.428221795179518 0.387141988436492 0.481574832046118 0.493739588279509 0.554364001552848 0.502485278570008 0.471140565860827 0.497308307992294 0.49573769001801 0.445851277150706 0.463716879234551 0.496344315604748 0.484933403709719 0.521819752755675 0.495077148725112 0.492872570098198 0.479576733457098 0.428555792649685 0.460615377341196 0.453653513820432 0.380035640268806 0.375362169444868 0.376972782266998 0.421090174988098 0.408129269818777 0.359522251532892 0.363357085435555 0.355415220474885 0.339471082632401 0.33682023959561 0.366684116840821 0.322519355148289 0.323677864217045 0.326847599054231 0.322404480996435 0.343915607304649 0.326084649319973 0.323076561697196 0.301730958414905 0.317179694914501 0.328002235308147
