inst/out/data for yingying 2018-01-30/bsm_response.asc
NCOLS 360 
NROWS 140 
XLLCORNER -180 
YLLCORNER -56 
CELLSIZE 1 
NODATA_value -9999 
[rows 54 to 80 of 140, columns 240 to 299 of 360]
0.391244532944291 0.414048854975209 0.513769805120341 0.548839034281286 0.578664513893964 0.563455290056664 0.5390806572958 0.549256608885946 0.537261220672407 0.561104561318901 0.438830026082596 0.369604939442093 0.406680299439593 0.343439587058287 0.341725354752501 0.332528074637293 0.293378986036202 0.322709663120528 0.408458137061289 0.453164827379444 0.492853750538611 0.512706038600525 0.544692822963646 0.497362008741221 0.547235483232362 0.508172604555068 0.510079997514184 0.538402499192881 0.544161158247215 0.536913148242858 0.523617692894342 0.521905550256398 0.5812432906217 0.627184747030743 0.649170351595316 0.638282785522159 0.635645823795078 0.59018549019975 0.625017512853366 0.613895578042974 0.628743397286878 0.623279289263521 0.58907164506155 0.485366532104097 0.405412556620035 0.405723147830849 0.440291290040954 0.476130920553774 0.459705184947352 0.476175766477159 0.483026709049272 0.432571287153834 0.366552231566727 0.39451241134345 0.409253059807813 0.420585436158667 0.45469859125962 0.456853339343346 0.493568923797049 0.479491235601324
0.498271696281732 0.541445741229337 0.43159633428274 0.490373920000616 0.529403881528099 0.585330601716759 0.521347876122033 0.507707941620371 0.460567349991471 0.448931118524224 0.430379401697852 0.549289751193714 0.491389022770379 0.464894450408652 0.415164344766973 0.382939229255463 0.317184539662049 0.306782105046939 0.321472155952917 0.343548736616895 0.444094050452219 0.509771930504025 0.527040490185921 0.530278574384282 0.517468035625554 0.542535431362252 0.520760519702732 0.544257853966102 0.5727226304764 0.601201860907994 0.609609985884312 0.590586095629597 0.633422834344877 0.667833340464264 0.61155708494579 0.607870005232001 0.595616478870569 0.643786950063153 0.632130103748259 0.618316472218328 0.615507215091678 0.58448136052374 0.553572880735714 0.521037527799675 0.496675233071123 0.440558832151007 0.473596271151051 0.473248654351164 0.453505936460924 0.44652888105728 0.503302375969913 0.447260737643511 0.375728618721953 0.411006734146971 0.439536664248426 0.420035596566879 0.414024804321038 0.437224143542781 0.407486480286522 0.476355245279288
0.531907513488151 0.515473703540737 0.477643759723551 0.437959219354845 0.54991967907842 0.524154973910891 0.547919833904562 0.467379919527866 0.365602080508485 0.475872552390078 0.509282135989297 0.541783867526521 0.514433157999204 0.425431839307559 0.368934812315774 0.360146389835903 0.337553624890754 0.30657075544283 0.323196015084763 0.319192463176057 0.312389111299154 0.372182597342359 0.435781119295992 0.443502643638068 0.495111417903154 0.494461724559719 0.499443710250466 0.493925154646208 0.523244325887872 0.572552741411271 0.697459921944392 0.685639425618038 0.61675553327594 0.608098694007653 0.600028641681737 0.579105452049558 0.552443334328531 0.653180674966512 0.650097474680648 0.635616563366087 0.571460436856847 0.550953141875439 0.502522298655169 0.489943253329967 0.48110243859816 0.427946274491822 0.413979651294907 0.435376487528062 0.46213918918429 0.453719077081489 0.451812979392309 0.367885408073155 0.403703128701314 0.407281836780247 0.424603042676589 0.429688314551546 0.45149602749861 0.499578850562328 0.516194467734377 0.498329967801444
0.468695746503999 0.478127831799852 0.521076429378781 0.470995221963059 0.460400036003437 0.523053940146782 0.593664552054026 0.535653377439751 0.411716990632505 0.502256417945091 0.517995245026723 0.529490221830034 0.450373522456454 0.359210133650701 0.34492689772851 0.335008438410541 0.379809022227936 0.395756109987639 0.343453590532263 0.345841076247956 0.300066198443656 0.323762431200816 0.317006076390478 0.305513402231556 0.340095340268975 0.395340757271302 0.459465313711166 0.425521718541403 0.439459399938607 0.45755688152616 0.523554363586947 0.499032290262118 0.515509658755444 0.555777673416267 0.5514116499707 0.609571211710322 0.708441969739804 0.685327919603346 0.665801950439256 0.596669997844484 0.490842789440146 0.508917254877708 0.486970591632978 0.474547589930115 0.459682555754791 0.391621231769743 0.42269367581294 0.458365392549296 0.508890409934837 0.519440847974687 0.472286159890593 0.433718566742376 0.405818158214107 0.451134430733443 0.487374721217307 0.495163798205371 0.493587984791126 0.542754593131239 0.532122121578605 0.508683546700976
0.495230130790769 0.495584057605047 0.503676402486023 0.431014826410735 0.438996585376891 0.485698166017089 0.609581653495429 0.593484162743874 0.403401591860148 0.431408900823635 0.475009870444735 0.430735221508901 0.392982040062114 0.38821366404874 0.393593478382328 0.364097674681571 0.398522102744018 0.463866065674526 0.39958774433017 0.351257090910083 0.327625406402022 0.318476620757398 0.313324843979008 0.321902769281976 0.346399157237081 0.359749355017761 0.383844194370957 0.393509581657373 0.337200727280289 0.390111760345828 0.524141131497694 0.477057144796769 0.528610710934212 0.577018322476768 0.62348564357841 0.660161888307315 0.700030787810539 0.692373414230736 0.622472491078324 0.538659468183764 0.491105259018717 0.479854417592638 0.461217370507113 0.384495971757572 0.451178073284159 0.46402270391707 0.497356912147223 0.517459620777646 0.514496100667747 0.512279883713719 0.484377493364207 0.481259336051276 0.438926067379071 0.489586803718044 0.510417527907928 0.519011625651803 0.544735707555409 0.546206008267669 0.521600934226384 0.476632888226814
-9999 -9999 -9999 -9999 -9999 -9999 0.573324795355053 0.525309766912069 0.454737162467765 0.521412807786362 0.520874436526327 0.419495041226668 0.439291739171637 0.415435764165537 0.405476990036608 0.418559920394576 0.437595733738099 0.401715621285036 0.430064640945665 0.444962523131794 0.447434859605987 0.394934493208703 0.373466985734913 0.40998273246528 0.386616066739622 0.433320856879314 0.406431946707384 0.404174951617326 0.319523629039908 0.344722656379424 0.358105246921956 0.47952005115572 0.551557583347264 0.570897098875818 0.641465888131552 0.672410576096539 0.685770930585641 0.644643616603947 0.550050616889726 0.539565733562463 0.514130963540763 0.54323087560136 0.4816115063414 0.436575075127566 0.485588168969466 0.554018974570427 0.56210690311584 0.577367166213197 0.53168262786559 0.506948043981924 0.487038461501006 0.540585848461133 0.501572762527853 0.490959517178831 0.530400336193437 0.522185944100873 0.527824492089144 0.510034695971008 0.519834992422741 0.381656653561833
-9999 -9999 -9999 -9999 -9999 -9999 -9999 0.486450777305616 0.654371419591468 0.585967408571633 0.574248247040606 0.490537133084093 0.406716809028275 0.396355336295717 0.388428204962932 0.335304113884373 0.377277822255032 0.41424483798549 0.396525127976522 0.452408329188339 0.447825667220645 0.459803204937944 0.545537811370809 0.554012279710723 0.473969678703748 0.346306296092237 0.357157359223955 0.323128377163269 0.304597456428104 0.342824264729035 0.346005415292896 0.551890193908626 0.619375764445856 0.64907267607429 0.722517984350524 0.66934511906842 0.683271366841251 0.708889557821601 0.666476327381274 0.634265397996303 0.570010393805491 0.620896085283877 0.574791488165722 0.548690489104632 0.52898261741099 0.581087567758752 0.563800643786979 0.535102318171738 0.506683462177981 0.47333664290926 0.49158598749819 0.509409855838968 0.496404001946047 0.469292389553958 0.504505864083626 0.464453603180335 0.47742787487764 0.556820736413285 -9999 0.448338850435516
-9999 -9999 -9999 -9999 -9999 -9999 -9999 -9999 0.515678800308648 0.589149571290223 0.478839123202614 0.432570331900739 0.415500466695699 0.381802548501771 0.394212621596919 0.38538892252647 0.442853714197255 0.469467809401703 0.519574244741677 0.449021546892949 0.585247287415902 0.563784555786901 0.485381402728923 0.483223887273838 0.442849411130453 0.492722811655596 0.386907525629645 0.328380354167439 0.417094691943111 0.457628959303236 0.374060337310852 0.496675048891569 0.656551218921865 0.649324287660019 0.70844635210947 0.481556785096644 0.614268303971195 0.669533914200618 0.672557325355533 0.687921671515807 0.640097878669021 0.701740099450532 0.709621722510275 0.692268351574415 0.637325082577483 0.64621648196379 0.63888331136808 0.546383022699574 0.508440072570466 0.470282658649489 0.485324983909453 0.492836907680543 0.471441771102171 0.488004929697628 0.580873545579416 0.544706263556554 0.484658177436351 -9999 -9999 -9999
-9999 -9999 -9999 -9999 -9999 -9999 -9999 -9999 -9999 0.591804524016952 0.482048066422096 0.396611643375541 0.466986372497429 0.41819090527006 0.397445931657992 0.41501066647979 0.438883796536543 0.485101107844661 0.438479075822684 0.447645249824792 0.498076155649991 0.37144141716371 0.416230972878884 0.398844969244583 0.497619932766922 0.51861270356673 0.507931960387121 0.404368816809683 0.544420884996293 0.566877673992177 0.53714780666369 0.609030171661269 0.651971431991919 0.612387334198559 0.666574345348896 0.453392333713656 0.569004516616941 0.665318720903015 0.714698967099672 0.725483695831797 0.698613022771706 0.711391671459553 0.734197563601684 0.710639723400033 0.582735901663998 0.515262902144002 0.501383718840753 0.581809294901824 0.593656426249275 0.516005823970548 0.455098700697377 0.530470014747991 0.536589709229717 0.44915370982572 0.450091407677756 -9999 -9999 -9999 -9999 -9999
-9999 -9999 -9999 -9999 -9999 -9999 -9999 -9999 -9999 -9999 0.589107332099274 0.513017727336457 0.610876905583644 0.427242254309453 0.346130307525567 0.354416578684775 0.356619332510158 0.343168491012734 0.372709882590951 0.426218199422541 0.500509386482936 0.455442688135228 0.481253708533447 0.515141829786288 0.554651563514597 0.469658192301307 0.464230507700786 0.401123506362588 -9999 -9999 -9999 -9999 0.71198436973916 0.642694276908883 0.623435301679443 0.480961929981315 0.611142540584224 0.614863661033559 0.695605755001477 0.719725021172819 0.692055921845536 0.739826487600851 0.73548696904462 0.731955056925732 0.704414206178704 0.56589351719095 0.461290913324644 0.562449611781192 -9999 0.612538380878743 0.576746187981353 -9999 -9999 -9999 -9999 -9999 -9999 -9999 -9999 -9999
-9999 -9999 -9999 -9999 -9999 -9999 -9999 -9999 -9999 -9999 -9999 -9999 0.656125938845595 0.429262767527409 0.374096954810759 0.331629466363849 0.320119146909864 0.372829921223521 0.391348232414334 0.43401620036975 0.630053428597032 0.639393130706409 0.461072528149611 0.561868426796132 0.546792906015568 0.486873121648847 0.478585386823456 -9999 -9999 -9999 -9999 -9999 0.503563833271432 0.700298810403491 0.686089650591484 0.642052595345927 0.626356624839 0.662219856091118 0.737251890808277 0.698354974831174 0.65763058198183 0.702144917150525 0.728994955710217 0.720221196732257 0.718360290676948 0.608601236036832 0.445525730281236 -9999 0.693463195472549 0.629760579162186 0.53459081760834 0.396364657829411 -9999 -9999 -9999 -9999 -9999 -9999 -9999 -9999
-9999 -9999 -9999 -9999 -9999 -9999 -9999 -9999 -9999 -9999 -9999 -9999 0.691430298816541 0.474005468767219 0.375977141293 0.338531128843914 0.333652146641062 0.353652604288193 0.385788771015156 0.400403557894453 0.568661382357744 0.614847810716501 0.586261794087025 0.470618630804836 0.490501007001989 -9999 -9999 -9999 -9999 -9999 -9999 -9999 -9999 0.597795860540716 0.743863048849674 0.61313764761166 0.601395002267093 0.708203562014311 0.74322770729037 0.681771899966669 0.684749515328705 0.71525855174537 0.756227450252133 0.675088276919573 0.681178106967066 0.62764432313528 0.551917355681298 -9999 0.691508010093012 0.656474859684853 0.646007632320489 -9999 -9999 -9999 -9999 -9999 -9999 -9999 -9999 -9999
-9999 -9999 -9999 -9999 -9999 -9999 -9999 -9999 -9999 -9999 -9999 -9999 -9999 0.6634125349577 0.406843898276418 0.342250000465269 0.363606940902047 0.339778606361226 0.372452062085721 0.375854768136495 0.429913768337674 0.533983014576027 0.541003181186515 0.480691998736729 -9999 -9999 -9999 -9999 -9999 -9999 -9999 -9999 -9999 -9999 0.631125905033609 0.551772170664815 0.574365096029625 0.648544271820421 0.70709556833194 0.695688872661264 0.656675994509055 0.675420236371397 0.567807536600115 0.535762898824171 0.661151163729333 0.6983014995616 0.633604729637189 0.513960895759551 -9999 -9999 -9999 -9999 -9999 -9999 -9999 -9999 -9999 -9999 -9999 -9999
-9999 -9999 -9999 -9999 -9999 -9999 -9999 -9999 -9999 -9999 -9999 -9999 -9999 0.596920162592679 0.477534397496001 0.376278665848133 0.363220419816893 0.349223046673583 0.354203675784734 0.411828096748617 0.365598245586581 0.396104024024051 0.536451974758501 -9999 -9999 -9999 -9999 -9999 -9999 -9999 -9999 -9999 -9999 -9999 0.610732427574168 0.50443349093607 0.426155172388546 0.57560852243368 0.662593370447756 0.600786555187661 0.596511388013017 0.643580005382789 0.572695982981947 0.548513245515549 0.606463608736179 0.704348940556659 0.689159660157263 0.680533885682478 0.584863501236386 -9999 -9999 -9999 -9999 -9999 -9999 -9999 -9999 -9999 -9999 0.599614826018748
-9999 -9999 -9999 -9999 -9999 -9999 -9999 -9999 -9999 -9999 -9999 -9999 -9999 0.656915553503282 0.58706090448953 0.387608859479981 0.376460846284201 0.389120791505973 0.433591774434603 0.403019441107754 0.51240879247819 0.434348527223585 -9999 -9999 -9999 -9999 -9999 -9999 -9999 -9999 -9999 -9999 -9999 -9999 0.692363689551728 0.709126280405799 -9999 0.700487362194009 0.723549413863003 0.686651800353495 0.506187914415082 0.555307840453426 0.520990330165339 0.487675602170316 0.488126911559206 0.649688550355882 0.704990895790419 0.713070304573697 0.693261548819216 0.403273535323202 -9999 -9999 -9999 -9999 -9999 -9999 -9999 -9999 -9999 0.635201808789777
-9999 -9999 -9999 -9999 -9999 -9999 -9999 -9999 -9999 -9999 -9999 -9999 -9999 0.412133985474773 0.732211257809002 0.487561054920828 0.398783326063086 0.362674131823646 0.393933872600825 0.42187502025525 0.492777860873406 -9999 -9999 -9999 -9999 -9999 -9999 -9999 -9999 -9999 -9999 -9999 -9999 0.457653827993331 -9999 -9999 -9999 0.72644255536318 0.750112159032082 0.652098766436114 0.446258040797163 0.566150202212056 0.598067173543268 0.595600228796951 0.625398654265949 0.701854760414997 0.738118817687628 0.733482721883231 0.678028709853625 0.685521554801944 -9999 -9999 -9999 -9999 -9999 -9999 -9999 -9999 -9999 -9999
-9999 -9999 -9999 -9999 -9999 -9999 -9999 -9999 -9999 -9999 -9999 -9999 -9999 -9999 0.706198882574995 0.613644115936184 0.38391170879364 0.383009038738921 0.428844454987764 0.410684623961603 0.473973844688185 -9999 -9999 -9999 -9999 -9999 -9999 -9999 -9999 -9999 -9999 -9999 0.617260507997224 0.589587914491963 0.479881105248274 -9999 -9999 0.480253953317535 0.747892924520194 0.661589324767254 0.495150297200436 0.566779031521531 0.60949632745408 0.667257643271276 0.723333702594281 0.763235623400722 0.782439852313412 0.772902845441976 0.658702283953501 0.62424414734243 -9999 -9999 -9999 -9999 -9999 -9999 -9999 -9999 -9999 -9999
-9999 -9999 -9999 -9999 -9999 -9999 -9999 -9999 -9999 -9999 -9999 0.404926567751902 -9999 -9999 0.68727069141375 0.628499482444714 0.450529125899253 0.442129912285219 0.457961995217562 0.401909825468016 0.473815672100662 -9999 -9999 -9999 -9999 -9999 -9999 -9999 -9999 -9999 -9999 -9999 0.656724084512908 0.555859298983736 -9999 -9999 -9999 0.565523633013602 0.736864440033866 0.707391147471079 0.639217532464508 0.665249619856786 0.667783904586656 0.717233725941738 0.688689156495868 0.708297556610579 0.710328647826051 0.731800232971962 0.623833544401776 0.667019669305519 -9999 -9999 -9999 -9999 -9999 -9999 -9999 -9999 -9999 0.597587341745266
-9999 -9999 -9999 -9999 -9999 -9999 -9999 -9999 -9999 -9999 -9999 -9999 0.45667648444066 0.411369058978265 -9999 0.714560703724164 0.54073162913904 0.444712886485482 0.449894975383666 0.394392146677898 -9999 -9999 -9999 -9999 -9999 -9999 -9999 -9999 -9999 -9999 -9999 -9999 0.615515420604123 0.514291698143208 -9999 -9999 -9999 0.532235119462811 0.742112223439789 0.732040893046935 -9999 -9999 0.679070751735503 0.762178539052059 0.696348069785024 0.562414898439536 0.557398740113667 0.662572649579637 0.658235304243642 0.683386500942415 -9999 -9999 -9999 -9999 -9999 -9999 -9999 -9999 -9999 0.683761107517206
-9999 -9999 -9999 -9999 -9999 -9999 -9999 -9999 -9999 -9999 -9999 -9999 0.488838327292854 0.474683046297106 -9999 0.630168277211527 0.608807996704651 0.478110277405717 0.415195188985531 0.382015294171483 -9999 -9999 -9999 -9999 -9999 -9999 -9999 -9999 -9999 -9999 -9999 -9999 0.557505293106102 -9999 -9999 -9999 -9999 0.546670191366972 0.731303287847815 0.701052809393336 -9999 -9999 0.447629245256425 0.774946341329989 0.700703434889789 0.444930145591088 0.518955592770713 0.552522555089413 0.522612392421381 -9999 -9999 -9999 -9999 -9999 -9999 -9999 -9999 -9999 0.62844187897806 0.706560442753233
-9999 -9999 -9999 -9999 -9999 -9999 -9999 -9999 -9999 -9999 -9999 -9999 -9999 -9999 -9999 -9999 0.671442577828678 0.504878846237296 0.390009010240235 0.540041770707088 0.69193639329283 -9999 -9999 -9999 -9999 -9999 -9999 -9999 -9999 -9999 -9999 -9999 0.518071790594367 -9999 -9999 -9999 -9999 0.486401061241221 0.744932336282541 0.680008780478386 0.561389206059054 -9999 0.479302812309859 0.482647174265242 0.696822980760246 0.566555868382815 0.424586726697753 -9999 -9999 -9999 -9999 -9999 -9999 -9999 -9999 -9999 -9999 0.602940943768661 0.718642444699754 0.414204484268059
-9999 -9999 -9999 -9999 -9999 -9999 -9999 -9999 -9999 -9999 -9999 -9999 -9999 0.479998703368013 -9999 -9999 0.699438277616116 0.549212950659758 0.470311555946675 0.672244664955705 0.72488890042893 0.689232278110409 -9999 -9999 -9999 -9999 -9999 -9999 -9999 -9999 -9999 -9999 -9999 0.615384804051466 -9999 -9999 -9999 0.490325135468125 0.73765155121169 0.647034861019596 0.655730452925016 -9999 -9999 -9999 0.659125129399704 0.659508998271002 0.508317694275951 -9999 -9999 -9999 -9999 -9999 -9999 -9999 -9999 -9999 0.488564321198269 0.717355925348605 0.485186633533863 -9999
-9999 -9999 -9999 -9999 -9999 -9999 -9999 -9999 -9999 -9999 -9999 -9999 0.461743457600739 -9999 -9999 -9999 -9999 -9999 -9999 0.706051520008249 0.622800799611045 0.664327491143671 -9999 -9999 -9999 -9999 -9999 -9999 -9999 -9999 -9999 -9999 -9999 0.635093147378576 -9999 -9999 -9999 -9999 0.688068537682512 0.702916335600011 0.651354876356665 -9999 -9999 -9999 -9999 -9999 -9999 -9999 -9999 -9999 -9999 -9999 -9999 -9999 -9999 -9999 0.592206604305613 0.698773939414625 0.49631088672494 -9999
-9999 -9999 -9999 -9999 -9999 -9999 -9999 -9999 -9999 -9999 -9999 -9999 0.452176615315539 0.474896590173672 -9999 -9999 -9999 -9999 -9999 0.646893651661999 0.635760830066236 0.672697704195848 -9999 -9999 -9999 -9999 -9999 -9999 -9999 -9999 -9999 -9999 -9999 0.567361007989981 -9999 -9999 -9999 -9999 -9999 0.754600621232963 0.716606016535682 0.656334916258807 0.591286813945127 -9999 -9999 -9999 -9999 -9999 -9999 -9999 -9999 -9999 -9999 -9999 -9999 0.435031165219 0.750076136232606 0.723022527136993 0.518176231771371 -9999
-9999 -9999 -9999 -9999 -9999 -9999 -9999 -9999 -9999 -9999 -9999 -9999 0.410419630984993 0.453968840142961 -9999 -9999 -9999 -9999 -9999 -9999 0.617188675079543 -9999 -9999 -9999 -9999 -9999 -9999 -9999 -9999 -9999 -9999 -9999 -9999 -9999 -9999 0.663417028696988 0.61719115852152 0.592389770303041 -9999 -9999 0.687848466564918 0.651973903884901 0.733316569539053 0.661479262006567 -9999 -9999 -9999 -9999 -9999 -9999 -9999 -9999 -9999 -9999 0.489966947423459 0.77309456331413 0.720498011108493 0.683317417830944 0.720787582117318 0.680504872047383
-9999 -9999 -9999 -9999 -9999 -9999 -9999 -9999 -9999 -9999 -9999 -9999 0.461058564214188 0.469022706917339 -9999 -9999 -9999 -9999 -9999 -9999 -9999 -9999 -9999 -9999 -9999 -9999 -9999 -9999 -9999 -9999 -9999 -9999 -9999 -9999 -9999 0.684086693478918 0.690797612570255 0.650110212805187 0.619012957386636 -9999 0.721395013125232 0.673028316332215 0.693784472295787 0.753723820411431 -9999 -9999 -9999 0.479450410228972 0.653859217141198 -9999 -9999 -9999 -9999 0.68530547483104 0.728310996578427 0.730294248399127 0.730301719447689 0.73691240237848 0.682115121727949 0.580597006214775
-9999 -9999 -9999 -9999 -9999 -9999 -9999 -9999 -9999 -9999 -9999 -9999 0.459239216101763 0.458134636728604 -9999 -9999 -9999 -9999 -9999 -9999 -9999 -9999 -9999 -9999 -9999 -9999 -9999 -9999 -9999 -9999 -9999 -9999 -9999 -9999 -9999 -9999 0.702669690764792 0.71442763575758 0.648659444663202 0.576485349337448 0.638055753898372 0.709891803291306 0.616492577902235 0.708561173171309 -9999 0.477094635043016 0.611858113799425 0.49772091340621 0.7163122782701 -9999 -9999 -9999 0.691766960834814 0.755981058303092 0.753597548718267 0.730563314721616 0.746894437890649 0.724075453612671 -9999 -9999
